   1.0000000e+00   8.9520000e-01
   2.0000000e+00   8.9510000e-01
   3.0000000e+00   8.9496667e-01
   4.0000000e+00   8.9470000e-01
   5.0000000e+00   8.9472000e-01
   6.0000000e+00   8.9506667e-01
   7.0000000e+00   8.9491429e-01
   8.0000000e+00   8.9492500e-01
   9.0000000e+00   8.9492222e-01
   1.0000000e+01   8.9502000e-01
   1.1000000e+01   8.9511818e-01
   1.2000000e+01   8.9520000e-01
   1.3000000e+01   8.9523846e-01
   1.4000000e+01   8.9522857e-01
   1.5000000e+01   8.9521333e-01
   1.6000000e+01   8.9513125e-01
   1.7000000e+01   8.9509412e-01
   1.8000000e+01   8.9520000e-01
   1.9000000e+01   8.9529474e-01
   2.0000000e+01   8.9536000e-01
   2.1000000e+01   8.9533810e-01
   2.2000000e+01   8.9536818e-01
   2.3000000e+01   8.9533043e-01
   2.4000000e+01   8.9533333e-01
   2.5000000e+01   8.9532000e-01
   2.6000000e+01   8.9531154e-01
   2.7000000e+01   8.9530370e-01
   2.8000000e+01   8.9528929e-01
   2.9000000e+01   8.9525862e-01
   3.0000000e+01   8.9525333e-01
   3.1000000e+01   8.9519032e-01
   3.2000000e+01   8.9517813e-01
   3.3000000e+01   8.9514242e-01
   3.4000000e+01   8.9513529e-01
   3.5000000e+01   8.9519143e-01
   3.6000000e+01   8.9517778e-01
   3.7000000e+01   8.9517297e-01
   3.8000000e+01   8.9516579e-01
   3.9000000e+01   8.9514615e-01
   4.0000000e+01   8.9515250e-01
   4.1000000e+01   8.9516585e-01
   4.2000000e+01   8.9516429e-01
   4.3000000e+01   8.9519302e-01
   4.4000000e+01   8.9518409e-01
   4.5000000e+01   8.9517333e-01
   4.6000000e+01   8.9519130e-01
   4.7000000e+01   8.9520426e-01
   4.8000000e+01   8.9525208e-01
   4.9000000e+01   8.9524898e-01
   5.0000000e+01   8.9525200e-01
   5.1000000e+01   8.9523922e-01
   5.2000000e+01   8.9523077e-01
   5.3000000e+01   8.9522264e-01
   5.4000000e+01   8.9520741e-01
   5.5000000e+01   8.9523091e-01
   5.6000000e+01   8.9522500e-01
   5.7000000e+01   8.9522281e-01
   5.8000000e+01   8.9520862e-01
   5.9000000e+01   8.9519661e-01
   6.0000000e+01   8.9518667e-01
   6.1000000e+01   8.9519344e-01
   6.2000000e+01   8.9518065e-01
   6.3000000e+01   8.9516984e-01
   6.4000000e+01   8.9516562e-01
   6.5000000e+01   8.9514000e-01
   6.6000000e+01   8.9512879e-01
   6.7000000e+01   8.9514627e-01
   6.8000000e+01   8.9514118e-01
   6.9000000e+01   8.9511739e-01
   7.0000000e+01   8.9512571e-01
   7.1000000e+01   8.9513521e-01
   7.2000000e+01   8.9513194e-01
   7.3000000e+01   8.9513699e-01
   7.4000000e+01   8.9512027e-01
   7.5000000e+01   8.9511333e-01
   7.6000000e+01   8.9512105e-01
   7.7000000e+01   8.9512338e-01
   7.8000000e+01   8.9510769e-01
   7.9000000e+01   8.9510127e-01
   8.0000000e+01   8.9509875e-01
   8.1000000e+01   8.9511111e-01
   8.2000000e+01   8.9511341e-01
   8.3000000e+01   8.9510843e-01
   8.4000000e+01   8.9510476e-01
   8.5000000e+01   8.9509647e-01
   8.6000000e+01   8.9508140e-01
   8.7000000e+01   8.9509080e-01
   8.8000000e+01   8.9509659e-01
   8.9000000e+01   8.9509663e-01
   9.0000000e+01   8.9509333e-01
   9.1000000e+01   8.9508571e-01
   9.2000000e+01   8.9508696e-01
   9.3000000e+01   8.9506989e-01
   9.4000000e+01   8.9506383e-01
   9.5000000e+01   8.9507368e-01
   9.6000000e+01   8.9506458e-01
   9.7000000e+01   8.9507526e-01
   9.8000000e+01   8.9507755e-01
   9.9000000e+01   8.9508384e-01
   1.0000000e+02   8.9508600e-01
   1.0100000e+02   8.9508911e-01
   1.0200000e+02   8.9508725e-01
   1.0300000e+02   8.9508058e-01
   1.0400000e+02   8.9507981e-01
   1.0500000e+02   8.9508190e-01
   1.0600000e+02   8.9506981e-01
   1.0700000e+02   8.9507103e-01
   1.0800000e+02   8.9506296e-01
   1.0900000e+02   8.9505138e-01
   1.1000000e+02   8.9505545e-01
   1.1100000e+02   8.9506126e-01
   1.1200000e+02   8.9505804e-01
   1.1300000e+02   8.9506726e-01
   1.1400000e+02   8.9506491e-01
   1.1500000e+02   8.9507913e-01
   1.1600000e+02   8.9507931e-01
   1.1700000e+02   8.9507607e-01
   1.1800000e+02   8.9508220e-01
   1.1900000e+02   8.9507311e-01
   1.2000000e+02   8.9507917e-01
   1.2100000e+02   8.9506777e-01
   1.2200000e+02   8.9506148e-01
   1.2300000e+02   8.9507317e-01
   1.2400000e+02   8.9507661e-01
   1.2500000e+02   8.9507600e-01
   1.2600000e+02   8.9508492e-01
   1.2700000e+02   8.9508740e-01
   1.2800000e+02   8.9509297e-01
   1.2900000e+02   8.9509302e-01
   1.3000000e+02   8.9509385e-01
   1.3100000e+02   8.9510076e-01
   1.3200000e+02   8.9509545e-01
   1.3300000e+02   8.9508797e-01
   1.3400000e+02   8.9508284e-01
   1.3500000e+02   8.9507778e-01
   1.3600000e+02   8.9507941e-01
   1.3700000e+02   8.9507372e-01
   1.3800000e+02   8.9507536e-01
   1.3900000e+02   8.9507626e-01
   1.4000000e+02   8.9508286e-01
   1.4100000e+02   8.9508014e-01
   1.4200000e+02   8.9508521e-01
   1.4300000e+02   8.9507622e-01
   1.4400000e+02   8.9507292e-01
   1.4500000e+02   8.9508207e-01
   1.4600000e+02   8.9508699e-01
   1.4700000e+02   8.9507687e-01
   1.4800000e+02   8.9506824e-01
   1.4900000e+02   8.9506242e-01
   1.5000000e+02   8.9506933e-01
   1.5100000e+02   8.9507550e-01
   1.5200000e+02   8.9507105e-01
   1.5300000e+02   8.9507190e-01
   1.5400000e+02   8.9507208e-01
   1.5500000e+02   8.9507742e-01
   1.5600000e+02   8.9508013e-01
   1.5700000e+02   8.9508153e-01
   1.5800000e+02   8.9508671e-01
   1.5900000e+02   8.9508931e-01
   1.6000000e+02   8.9508000e-01
   1.6100000e+02   8.9507888e-01
   1.6200000e+02   8.9508210e-01
   1.6300000e+02   8.9508466e-01
   1.6400000e+02   8.9509024e-01
   1.6500000e+02   8.9509152e-01
   1.6600000e+02   8.9508072e-01
   1.6700000e+02   8.9507605e-01
   1.6800000e+02   8.9507857e-01
   1.6900000e+02   8.9507692e-01
   1.7000000e+02   8.9508824e-01
   1.7100000e+02   8.9509064e-01
   1.7200000e+02   8.9510116e-01
   1.7300000e+02   8.9510231e-01
   1.7400000e+02   8.9510632e-01
   1.7500000e+02   8.9510343e-01
   1.7600000e+02   8.9510795e-01
   1.7700000e+02   8.9510847e-01
   1.7800000e+02   8.9511011e-01
   1.7900000e+02   8.9512067e-01
   1.8000000e+02   8.9512389e-01
   1.8100000e+02   8.9512155e-01
   1.8200000e+02   8.9512418e-01
   1.8300000e+02   8.9512350e-01
   1.8400000e+02   8.9512391e-01
   1.8500000e+02   8.9513081e-01
   1.8600000e+02   8.9512957e-01
   1.8700000e+02   8.9512781e-01
   1.8800000e+02   8.9512606e-01
   1.8900000e+02   8.9512011e-01
   1.9000000e+02   8.9510579e-01
   1.9100000e+02   8.9510209e-01
   1.9200000e+02   8.9510521e-01
   1.9300000e+02   8.9511244e-01
   1.9400000e+02   8.9511340e-01
   1.9500000e+02   8.9511744e-01
   1.9600000e+02   8.9511939e-01
   1.9700000e+02   8.9512183e-01
   1.9800000e+02   8.9512980e-01
   1.9900000e+02   8.9513367e-01
   2.0000000e+02   8.9512800e-01
   2.0100000e+02   8.9513035e-01
   2.0200000e+02   8.9513119e-01
   2.0300000e+02   8.9513300e-01
   2.0400000e+02   8.9512696e-01
   2.0500000e+02   8.9513512e-01
   2.0600000e+02   8.9514029e-01
   2.0700000e+02   8.9514251e-01
   2.0800000e+02   8.9514952e-01
   2.0900000e+02   8.9514833e-01
   2.1000000e+02   8.9514048e-01
   2.1100000e+02   8.9514360e-01
   2.1200000e+02   8.9516038e-01
   2.1300000e+02   8.9515822e-01
   2.1400000e+02   8.9515981e-01
   2.1500000e+02   8.9516000e-01
   2.1600000e+02   8.9515648e-01
   2.1700000e+02   8.9515991e-01
   2.1800000e+02   8.9516514e-01
   2.1900000e+02   8.9516575e-01
   2.2000000e+02   8.9516682e-01
   2.2100000e+02   8.9516425e-01
   2.2200000e+02   8.9517793e-01
   2.2300000e+02   8.9518251e-01
   2.2400000e+02   8.9518393e-01
   2.2500000e+02   8.9518711e-01
   2.2600000e+02   8.9518097e-01
   2.2700000e+02   8.9518502e-01
   2.2800000e+02   8.9518947e-01
   2.2900000e+02   8.9519083e-01
   2.3000000e+02   8.9518739e-01
   2.3100000e+02   8.9518442e-01
   2.3200000e+02   8.9518405e-01
   2.3300000e+02   8.9518026e-01
   2.3400000e+02   8.9517564e-01
   2.3500000e+02   8.9517404e-01
   2.3600000e+02   8.9517797e-01
   2.3700000e+02   8.9517722e-01
   2.3800000e+02   8.9517311e-01
   2.3900000e+02   8.9517197e-01
   2.4000000e+02   8.9517375e-01
   2.4100000e+02   8.9517427e-01
   2.4200000e+02   8.9517521e-01
   2.4300000e+02   8.9517366e-01
   2.4400000e+02   8.9517582e-01
   2.4500000e+02   8.9517673e-01
   2.4600000e+02   8.9517439e-01
   2.4700000e+02   8.9517530e-01
   2.4800000e+02   8.9518226e-01
   2.4900000e+02   8.9518675e-01
   2.5000000e+02   8.9518720e-01
   2.5100000e+02   8.9518765e-01
   2.5200000e+02   8.9519325e-01
   2.5300000e+02   8.9519684e-01
   2.5400000e+02   8.9519488e-01
   2.5500000e+02   8.9519608e-01
   2.5600000e+02   8.9519414e-01
   2.5700000e+02   8.9519572e-01
   2.5800000e+02   8.9519729e-01
   2.5900000e+02   8.9519575e-01
   2.6000000e+02   8.9519923e-01
   2.6100000e+02   8.9520192e-01
   2.6200000e+02   8.9520611e-01
   2.6300000e+02   8.9520875e-01
   2.6400000e+02   8.9520909e-01
   2.6500000e+02   8.9520604e-01
   2.6600000e+02   8.9520526e-01
   2.6700000e+02   8.9520225e-01
   2.6800000e+02   8.9520299e-01
   2.6900000e+02   8.9520409e-01
   2.7000000e+02   8.9520185e-01
   2.7100000e+02   8.9519926e-01
   2.7200000e+02   8.9520551e-01
   2.7300000e+02   8.9520220e-01
   2.7400000e+02   8.9520474e-01
   2.7500000e+02   8.9519964e-01
   2.7600000e+02   8.9519928e-01
   2.7700000e+02   8.9520144e-01
   2.7800000e+02   8.9520396e-01
   2.7900000e+02   8.9520717e-01
   2.8000000e+02   8.9520893e-01
   2.8100000e+02   8.9521317e-01
   2.8200000e+02   8.9521418e-01
   2.8300000e+02   8.9522049e-01
   2.8400000e+02   8.9521796e-01
   2.8500000e+02   8.9521368e-01
   2.8600000e+02   8.9521434e-01
   2.8700000e+02   8.9521568e-01
   2.8800000e+02   8.9521667e-01
   2.8900000e+02   8.9522145e-01
   2.9000000e+02   8.9522241e-01
   2.9100000e+02   8.9522474e-01
   2.9200000e+02   8.9522397e-01
   2.9300000e+02   8.9521775e-01
   2.9400000e+02   8.9521633e-01
   2.9500000e+02   8.9521898e-01
   2.9600000e+02   8.9522128e-01
   2.9700000e+02   8.9522660e-01
   2.9800000e+02   8.9522987e-01
   2.9900000e+02   8.9522742e-01
   3.0000000e+02   8.9522767e-01
   3.0100000e+02   8.9522525e-01
   3.0200000e+02   8.9522351e-01
   3.0300000e+02   8.9522178e-01
   3.0400000e+02   8.9521776e-01
   3.0500000e+02   8.9522328e-01
   3.0600000e+02   8.9522582e-01
   3.0700000e+02   8.9523094e-01
   3.0800000e+02   8.9522760e-01
   3.0900000e+02   8.9522880e-01
   3.1000000e+02   8.9522774e-01
   3.1100000e+02   8.9523441e-01
   3.1200000e+02   8.9523686e-01
   3.1300000e+02   8.9523962e-01
   3.1400000e+02   8.9524076e-01
   3.1500000e+02   8.9524000e-01
   3.1600000e+02   8.9524051e-01
   3.1700000e+02   8.9524069e-01
   3.1800000e+02   8.9524560e-01
   3.1900000e+02   8.9524044e-01
   3.2000000e+02   8.9523719e-01
   3.2100000e+02   8.9523583e-01
   3.2200000e+02   8.9523447e-01
   3.2300000e+02   8.9523096e-01
   3.2400000e+02   8.9523179e-01
   3.2500000e+02   8.9522738e-01
   3.2600000e+02   8.9522730e-01
   3.2700000e+02   8.9523089e-01
   3.2800000e+02   8.9523110e-01
   3.2900000e+02   8.9523222e-01
   3.3000000e+02   8.9523424e-01
   3.3100000e+02   8.9523172e-01
   3.3200000e+02   8.9522771e-01
   3.3300000e+02   8.9522523e-01
   3.3400000e+02   8.9522335e-01
   3.3500000e+02   8.9522179e-01
   3.3600000e+02   8.9522381e-01
   3.3700000e+02   8.9522908e-01
   3.3800000e+02   8.9523166e-01
   3.3900000e+02   8.9523422e-01
   3.4000000e+02   8.9523647e-01
   3.4100000e+02   8.9523754e-01
   3.4200000e+02   8.9524064e-01
   3.4300000e+02   8.9524169e-01
   3.4400000e+02   8.9524419e-01
   3.4500000e+02   8.9524406e-01
   3.4600000e+02   8.9524393e-01
   3.4700000e+02   8.9524409e-01
   3.4800000e+02   8.9524483e-01
   3.4900000e+02   8.9524814e-01
   3.5000000e+02   8.9524886e-01
   3.5100000e+02   8.9525271e-01
   3.5200000e+02   8.9524943e-01
   3.5300000e+02   8.9524873e-01
   3.5400000e+02   8.9525028e-01
   3.5500000e+02   8.9525014e-01
   3.5600000e+02   8.9525112e-01
   3.5700000e+02   8.9524846e-01
   3.5800000e+02   8.9525000e-01
   3.5900000e+02   8.9524958e-01
   3.6000000e+02   8.9525333e-01
   3.6100000e+02   8.9525180e-01
   3.6200000e+02   8.9525387e-01
   3.6300000e+02   8.9525179e-01
   3.6400000e+02   8.9525440e-01
   3.6500000e+02   8.9525890e-01
   3.6600000e+02   8.9525956e-01
   3.6700000e+02   8.9525940e-01
   3.6800000e+02   8.9526359e-01
   3.6900000e+02   8.9526504e-01
   3.7000000e+02   8.9526838e-01
   3.7100000e+02   8.9527008e-01
   3.7200000e+02   8.9527124e-01
   3.7300000e+02   8.9527051e-01
   3.7400000e+02   8.9527299e-01
   3.7500000e+02   8.9527627e-01
   3.7600000e+02   8.9527633e-01
   3.7700000e+02   8.9527533e-01
   3.7800000e+02   8.9527011e-01
   3.7900000e+02   8.9526992e-01
   3.8000000e+02   8.9526895e-01
   3.8100000e+02   8.9526745e-01
   3.8200000e+02   8.9526911e-01
   3.8300000e+02   8.9526710e-01
   3.8400000e+02   8.9526875e-01
   3.8500000e+02   8.9526909e-01
   3.8600000e+02   8.9526736e-01
   3.8700000e+02   8.9526848e-01
   3.8800000e+02   8.9526366e-01
   3.8900000e+02   8.9526195e-01
   3.9000000e+02   8.9526256e-01
   3.9100000e+02   8.9526292e-01
   3.9200000e+02   8.9526480e-01
   3.9300000e+02   8.9526768e-01
   3.9400000e+02   8.9526827e-01
   3.9500000e+02   8.9526861e-01
   3.9600000e+02   8.9526540e-01
   3.9700000e+02   8.9526524e-01
   3.9800000e+02   8.9526658e-01
   3.9900000e+02   8.9526617e-01
   4.0000000e+02   8.9526725e-01
   4.0100000e+02   8.9526708e-01
   4.0200000e+02   8.9526716e-01
   4.0300000e+02   8.9526973e-01
   4.0400000e+02   8.9527054e-01
   4.0500000e+02   8.9527235e-01
   4.0600000e+02   8.9527562e-01
   4.0700000e+02   8.9527666e-01
   4.0800000e+02   8.9527868e-01
   4.0900000e+02   8.9527946e-01
   4.1000000e+02   8.9528366e-01
   4.1100000e+02   8.9528516e-01
   4.1200000e+02   8.9528665e-01
   4.1300000e+02   8.9528547e-01
   4.1400000e+02   8.9528333e-01
   4.1500000e+02   8.9528410e-01
   4.1600000e+02   8.9528558e-01
   4.1700000e+02   8.9528297e-01
   4.1800000e+02   8.9528397e-01
   4.1900000e+02   8.9528329e-01
   4.2000000e+02   8.9528095e-01
   4.2100000e+02   8.9528100e-01
   4.2200000e+02   8.9528033e-01
   4.2300000e+02   8.9527991e-01
   4.2400000e+02   8.9528137e-01
   4.2500000e+02   8.9528071e-01
   4.2600000e+02   8.9528169e-01
   4.2700000e+02   8.9528197e-01
   4.2800000e+02   8.9527827e-01
   4.2900000e+02   8.9528042e-01
   4.3000000e+02   8.9528186e-01
   4.3100000e+02   8.9528445e-01
   4.3200000e+02   8.9528310e-01
   4.3300000e+02   8.9528453e-01
   4.3400000e+02   8.9528433e-01
   4.3500000e+02   8.9528621e-01
   4.3600000e+02   8.9528761e-01
   4.3700000e+02   8.9528764e-01
   4.3800000e+02   8.9528653e-01
   4.3900000e+02   8.9528519e-01
   4.4000000e+02   8.9528432e-01
   4.4100000e+02   8.9528481e-01
   4.4200000e+02   8.9528371e-01
   4.4300000e+02   8.9528397e-01
   4.4400000e+02   8.9528784e-01
   4.4500000e+02   8.9528854e-01
   4.4600000e+02   8.9528901e-01
   4.4700000e+02   8.9528837e-01
   4.4800000e+02   8.9528884e-01
   4.4900000e+02   8.9529287e-01
   4.5000000e+02   8.9529156e-01
   4.5100000e+02   8.9529357e-01
   4.5200000e+02   8.9529535e-01
   4.5300000e+02   8.9529294e-01
   4.5400000e+02   8.9529405e-01
   4.5500000e+02   8.9529473e-01
   4.5600000e+02   8.9529561e-01
   4.5700000e+02   8.9529562e-01
   4.5800000e+02   8.9529607e-01
   4.5900000e+02   8.9529586e-01
   4.6000000e+02   8.9529739e-01
   4.6100000e+02   8.9529957e-01
   4.6200000e+02   8.9529913e-01
   4.6300000e+02   8.9529806e-01
   4.6400000e+02   8.9529957e-01
   4.6500000e+02   8.9530065e-01
   4.6600000e+02   8.9530000e-01
   4.6700000e+02   8.9530000e-01
   4.6800000e+02   8.9530085e-01
   4.6900000e+02   8.9530107e-01
   4.7000000e+02   8.9530191e-01
   4.7100000e+02   8.9530255e-01
   4.7200000e+02   8.9530148e-01
   4.7300000e+02   8.9530063e-01
   4.7400000e+02   8.9529958e-01
   4.7500000e+02   8.9529958e-01
   4.7600000e+02   8.9529937e-01
   4.7700000e+02   8.9530084e-01
   4.7800000e+02   8.9530209e-01
   4.7900000e+02   8.9530209e-01
   4.8000000e+02   8.9530604e-01
   4.8100000e+02   8.9530728e-01
   4.8200000e+02   8.9530415e-01
   4.8300000e+02   8.9530600e-01
   4.8400000e+02   8.9530599e-01
   4.8500000e+02   8.9530784e-01
   4.8600000e+02   8.9530926e-01
   4.8700000e+02   8.9531047e-01
   4.8800000e+02   8.9531127e-01
   4.8900000e+02   8.9531145e-01
   4.9000000e+02   8.9531122e-01
   4.9100000e+02   8.9531161e-01
   4.9200000e+02   8.9531016e-01
   4.9300000e+02   8.9530933e-01
   4.9400000e+02   8.9530931e-01
   4.9500000e+02   8.9530990e-01
   4.9600000e+02   8.9531149e-01
   4.9700000e+02   8.9531449e-01
   4.9800000e+02   8.9531386e-01
   4.9900000e+02   8.9531423e-01
   5.0000000e+02   8.9531660e-01
   5.0100000e+02   8.9532096e-01
   5.0200000e+02   8.9532092e-01
   5.0300000e+02   8.9531988e-01
   5.0400000e+02   8.9532063e-01
   5.0500000e+02   8.9532436e-01
   5.0600000e+02   8.9532312e-01
   5.0700000e+02   8.9532387e-01
   5.0800000e+02   8.9532657e-01
   5.0900000e+02   8.9532711e-01
   5.1000000e+02   8.9532588e-01
   5.1100000e+02   8.9532642e-01
   5.1200000e+02   8.9532578e-01
   5.1300000e+02   8.9533080e-01
   5.1400000e+02   8.9533288e-01
   5.1500000e+02   8.9533417e-01
   5.1600000e+02   8.9533217e-01
   5.1700000e+02   8.9533153e-01
   5.1800000e+02   8.9533127e-01
   5.1900000e+02   8.9533372e-01
   5.2000000e+02   8.9533442e-01
   5.2100000e+02   8.9533512e-01
   5.2200000e+02   8.9533372e-01
   5.2300000e+02   8.9533499e-01
   5.2400000e+02   8.9533588e-01
   5.2500000e+02   8.9533981e-01
   5.2600000e+02   8.9534125e-01
   5.2700000e+02   8.9534137e-01
   5.2800000e+02   8.9533920e-01
   5.2900000e+02   8.9534140e-01
   5.3000000e+02   8.9534019e-01
   5.3100000e+02   8.9534049e-01
   5.3200000e+02   8.9533872e-01
   5.3300000e+02   8.9533734e-01
   5.3400000e+02   8.9533989e-01
   5.3500000e+02   8.9534374e-01
   5.3600000e+02   8.9534534e-01
   5.3700000e+02   8.9534655e-01
   5.3800000e+02   8.9534888e-01
   5.3900000e+02   8.9534954e-01
   5.4000000e+02   8.9534630e-01
   5.4100000e+02   8.9534547e-01
   5.4200000e+02   8.9534391e-01
   5.4300000e+02   8.9534401e-01
   5.4400000e+02   8.9534338e-01
   5.4500000e+02   8.9534330e-01
   5.4600000e+02   8.9534286e-01
   5.4700000e+02   8.9534424e-01
   5.4800000e+02   8.9534653e-01
   5.4900000e+02   8.9534608e-01
   5.5000000e+02   8.9534327e-01
   5.5100000e+02   8.9534719e-01
   5.5200000e+02   8.9534728e-01
   5.5300000e+02   8.9534864e-01
   5.5400000e+02   8.9534946e-01
   5.5500000e+02   8.9535153e-01
   5.5600000e+02   8.9535144e-01
   5.5700000e+02   8.9535045e-01
   5.5800000e+02   8.9534928e-01
   5.5900000e+02   8.9534919e-01
   5.6000000e+02   8.9534964e-01
   5.6100000e+02   8.9534991e-01
   5.6200000e+02   8.9534929e-01
   5.6300000e+02   8.9535222e-01
   5.6400000e+02   8.9535550e-01
   5.6500000e+02   8.9535681e-01
   5.6600000e+02   8.9535883e-01
   5.6700000e+02   8.9536049e-01
   5.6800000e+02   8.9536039e-01
   5.6900000e+02   8.9536151e-01
   5.7000000e+02   8.9536281e-01
   5.7100000e+02   8.9536585e-01
   5.7200000e+02   8.9536556e-01
   5.7300000e+02   8.9536579e-01
   5.7400000e+02   8.9536794e-01
   5.7500000e+02   8.9536904e-01
   5.7600000e+02   8.9536962e-01
   5.7700000e+02   8.9536984e-01
   5.7800000e+02   8.9537076e-01
   5.7900000e+02   8.9536926e-01
   5.8000000e+02   8.9536897e-01
   5.8100000e+02   8.9537263e-01
   5.8200000e+02   8.9537302e-01
   5.8300000e+02   8.9537324e-01
   5.8400000e+02   8.9537466e-01
   5.8500000e+02   8.9537368e-01
   5.8600000e+02   8.9537338e-01
   5.8700000e+02   8.9537411e-01
   5.8800000e+02   8.9537551e-01
   5.8900000e+02   8.9537334e-01
   5.9000000e+02   8.9537136e-01
   5.9100000e+02   8.9537157e-01
   5.9200000e+02   8.9537297e-01
   5.9300000e+02   8.9537218e-01
   5.9400000e+02   8.9537239e-01
   5.9500000e+02   8.9537429e-01
   5.9600000e+02   8.9537584e-01
   5.9700000e+02   8.9537672e-01
   5.9800000e+02   8.9537860e-01
   5.9900000e+02   8.9537780e-01
   6.0000000e+02   8.9537967e-01
   6.0100000e+02   8.9537987e-01
   6.0200000e+02   8.9538173e-01
   6.0300000e+02   8.9537828e-01
   6.0400000e+02   8.9537997e-01
   6.0500000e+02   8.9537983e-01
   6.0600000e+02   8.9538168e-01
   6.0700000e+02   8.9538204e-01
   6.0800000e+02   8.9538388e-01
   6.0900000e+02   8.9538210e-01
   6.1000000e+02   8.9538049e-01
   6.1100000e+02   8.9538069e-01
   6.1200000e+02   8.9538023e-01
   6.1300000e+02   8.9538124e-01
   6.1400000e+02   8.9538127e-01
   6.1500000e+02   8.9538146e-01
   6.1600000e+02   8.9538263e-01
   6.1700000e+02   8.9538152e-01
   6.1800000e+02   8.9538252e-01
   6.1900000e+02   8.9538352e-01
   6.2000000e+02   8.9538306e-01
   6.2100000e+02   8.9538390e-01
   6.2200000e+02   8.9538328e-01
   6.2300000e+02   8.9538571e-01
   6.2400000e+02   8.9538846e-01
   6.2500000e+02   8.9538928e-01
   6.2600000e+02   8.9538834e-01
   6.2700000e+02   8.9538820e-01
   6.2800000e+02   8.9538981e-01
   6.2900000e+02   8.9538792e-01
   6.3000000e+02   8.9538921e-01
   6.3100000e+02   8.9538986e-01
   6.3200000e+02   8.9539051e-01
   6.3300000e+02   8.9538894e-01
   6.3400000e+02   8.9538785e-01
   6.3500000e+02   8.9538772e-01
   6.3600000e+02   8.9538899e-01
   6.3700000e+02   8.9538854e-01
   6.3800000e+02   8.9538699e-01
   6.3900000e+02   8.9538576e-01
   6.4000000e+02   8.9538516e-01
   6.4100000e+02   8.9538487e-01
   6.4200000e+02   8.9538645e-01
   6.4300000e+02   8.9538616e-01
   6.4400000e+02   8.9538851e-01
   6.4500000e+02   8.9538837e-01
   6.4600000e+02   8.9538870e-01
   6.4700000e+02   8.9538964e-01
   6.4800000e+02   8.9539090e-01
   6.4900000e+02   8.9539214e-01
   6.5000000e+02   8.9539462e-01
   6.5100000e+02   8.9539539e-01
   6.5200000e+02   8.9539586e-01
   6.5300000e+02   8.9539357e-01
   6.5400000e+02   8.9539266e-01
   6.5500000e+02   8.9539313e-01
   6.5600000e+02   8.9539375e-01
   6.5700000e+02   8.9539452e-01
   6.5800000e+02   8.9539438e-01
   6.5900000e+02   8.9539287e-01
   6.6000000e+02   8.9539288e-01
   6.6100000e+02   8.9539410e-01
   6.6200000e+02   8.9539396e-01
   6.6300000e+02   8.9539321e-01
   6.6400000e+02   8.9539247e-01
   6.6500000e+02   8.9539338e-01
   6.6600000e+02   8.9539189e-01
   6.6700000e+02   8.9539295e-01
   6.6800000e+02   8.9539446e-01
   6.6900000e+02   8.9539342e-01
   6.7000000e+02   8.9539284e-01
   6.7100000e+02   8.9539300e-01
   6.7200000e+02   8.9539390e-01
   6.7300000e+02   8.9539421e-01
   6.7400000e+02   8.9539407e-01
   6.7500000e+02   8.9539230e-01
   6.7600000e+02   8.9539260e-01
   6.7700000e+02   8.9539055e-01
   6.7800000e+02   8.9539071e-01
   6.7900000e+02   8.9539087e-01
   6.8000000e+02   8.9539338e-01
   6.8100000e+02   8.9539354e-01
   6.8200000e+02   8.9539399e-01
   6.8300000e+02   8.9539502e-01
   6.8400000e+02   8.9539620e-01
   6.8500000e+02   8.9539460e-01
   6.8600000e+02   8.9539344e-01
   6.8700000e+02   8.9539272e-01
   6.8800000e+02   8.9539142e-01
   6.8900000e+02   8.9539115e-01
   6.9000000e+02   8.9539174e-01
   6.9100000e+02   8.9539204e-01
   6.9200000e+02   8.9539364e-01
   6.9300000e+02   8.9539553e-01
   6.9400000e+02   8.9539496e-01
   6.9500000e+02   8.9539381e-01
   6.9600000e+02   8.9539425e-01
   6.9700000e+02   8.9539268e-01
   6.9800000e+02   8.9539312e-01
   6.9900000e+02   8.9539242e-01
   7.0000000e+02   8.9539114e-01
   7.0100000e+02   8.9539087e-01
   7.0200000e+02   8.9539046e-01
   7.0300000e+02   8.9539018e-01
   7.0400000e+02   8.9538963e-01
   7.0500000e+02   8.9538894e-01
   7.0600000e+02   8.9538980e-01
   7.0700000e+02   8.9538911e-01
   7.0800000e+02   8.9539096e-01
   7.0900000e+02   8.9539154e-01
   7.1000000e+02   8.9539239e-01
   7.1100000e+02   8.9539156e-01
   7.1200000e+02   8.9539129e-01
   7.1300000e+02   8.9539004e-01
   7.1400000e+02   8.9538950e-01
   7.1500000e+02   8.9538923e-01
   7.1600000e+02   8.9538757e-01
   7.1700000e+02   8.9538801e-01
   7.1800000e+02   8.9538886e-01
   7.1900000e+02   8.9539110e-01
   7.2000000e+02   8.9539167e-01
   7.2100000e+02   8.9539001e-01
   7.2200000e+02   8.9539072e-01
   7.2300000e+02   8.9538949e-01
   7.2400000e+02   8.9539102e-01
   7.2500000e+02   8.9538897e-01
   7.2600000e+02   8.9538912e-01
   7.2700000e+02   8.9538913e-01
   7.2800000e+02   8.9539107e-01
   7.2900000e+02   8.9539163e-01
   7.3000000e+02   8.9539151e-01
   7.3100000e+02   8.9539248e-01
   7.3200000e+02   8.9539235e-01
   7.3300000e+02   8.9539004e-01
   7.3400000e+02   8.9539087e-01
   7.3500000e+02   8.9539075e-01
   7.3600000e+02   8.9539185e-01
   7.3700000e+02   8.9539104e-01
   7.3800000e+02   8.9539255e-01
   7.3900000e+02   8.9539269e-01
   7.4000000e+02   8.9539338e-01
   7.4100000e+02   8.9539325e-01
   7.4200000e+02   8.9539407e-01
   7.4300000e+02   8.9539462e-01
   7.4400000e+02   8.9539516e-01
   7.4500000e+02   8.9539356e-01
   7.4600000e+02   8.9539223e-01
   7.4700000e+02   8.9539331e-01
   7.4800000e+02   8.9539412e-01
   7.4900000e+02   8.9539506e-01
   7.5000000e+02   8.9539613e-01
   7.5100000e+02   8.9539707e-01
   7.5200000e+02   8.9539840e-01
   7.5300000e+02   8.9539920e-01
   7.5400000e+02   8.9540040e-01
   7.5500000e+02   8.9539934e-01
   7.5600000e+02   8.9539987e-01
   7.5700000e+02   8.9540092e-01
   7.5800000e+02   8.9539987e-01
   7.5900000e+02   8.9539855e-01
   7.6000000e+02   8.9539908e-01
   7.6100000e+02   8.9539921e-01
   7.6200000e+02   8.9539895e-01
   7.6300000e+02   8.9540039e-01
   7.6400000e+02   8.9540144e-01
   7.6500000e+02   8.9540078e-01
   7.6600000e+02   8.9540104e-01
   7.6700000e+02   8.9540091e-01
   7.6800000e+02   8.9540052e-01
   7.6900000e+02   8.9540091e-01
   7.7000000e+02   8.9540169e-01
   7.7100000e+02   8.9540169e-01
   7.7200000e+02   8.9540207e-01
   7.7300000e+02   8.9540401e-01
   7.7400000e+02   8.9540659e-01
   7.7500000e+02   8.9540477e-01
   7.7600000e+02   8.9540541e-01
   7.7700000e+02   8.9540425e-01
   7.7800000e+02   8.9540476e-01
   7.7900000e+02   8.9540552e-01
   7.8000000e+02   8.9540256e-01
   7.8100000e+02   8.9540230e-01
   7.8200000e+02   8.9540281e-01
   7.8300000e+02   8.9540358e-01
   7.8400000e+02   8.9540268e-01
   7.8500000e+02   8.9540115e-01
   7.8600000e+02   8.9540038e-01
   7.8700000e+02   8.9539975e-01
   7.8800000e+02   8.9539924e-01
   7.8900000e+02   8.9540101e-01
   7.9000000e+02   8.9540051e-01
   7.9100000e+02   8.9540076e-01
   7.9200000e+02   8.9539949e-01
   7.9300000e+02   8.9539950e-01
   7.9400000e+02   8.9539824e-01
   7.9500000e+02   8.9539811e-01
   7.9600000e+02   8.9539862e-01
   7.9700000e+02   8.9539987e-01
   7.9800000e+02   8.9539925e-01
   7.9900000e+02   8.9539900e-01
   8.0000000e+02   8.9539837e-01
   8.0100000e+02   8.9539863e-01
   8.0200000e+02   8.9539738e-01
   8.0300000e+02   8.9539788e-01
   8.0400000e+02   8.9539764e-01
   8.0500000e+02   8.9539901e-01
   8.0600000e+02   8.9539851e-01
   8.0700000e+02   8.9539851e-01
   8.0800000e+02   8.9539666e-01
   8.0900000e+02   8.9539740e-01
   8.1000000e+02   8.9539593e-01
   8.1100000e+02   8.9539790e-01
   8.1200000e+02   8.9539889e-01
   8.1300000e+02   8.9539975e-01
   8.1400000e+02   8.9539803e-01
   8.1500000e+02   8.9539816e-01
   8.1600000e+02   8.9539951e-01
   8.1700000e+02   8.9539535e-01
   8.1800000e+02   8.9539633e-01
   8.1900000e+02   8.9539560e-01
   8.2000000e+02   8.9539659e-01
   8.2100000e+02   8.9539817e-01
   8.2200000e+02   8.9539805e-01
   8.2300000e+02   8.9539818e-01
   8.2400000e+02   8.9539733e-01
   8.2500000e+02   8.9539721e-01
   8.2600000e+02   8.9539831e-01
   8.2700000e+02   8.9539831e-01
   8.2800000e+02   8.9539746e-01
   8.2900000e+02   8.9539735e-01
   8.3000000e+02   8.9539723e-01
   8.3100000e+02   8.9539675e-01
   8.3200000e+02   8.9539363e-01
   8.3300000e+02   8.9539376e-01
   8.3400000e+02   8.9539376e-01
   8.3500000e+02   8.9539509e-01
   8.3600000e+02   8.9539605e-01
   8.3700000e+02   8.9539654e-01
   8.3800000e+02   8.9539714e-01
   8.3900000e+02   8.9539750e-01
   8.4000000e+02   8.9539821e-01
   8.4100000e+02   8.9539905e-01
   8.4200000e+02   8.9539857e-01
   8.4300000e+02   8.9539810e-01
   8.4400000e+02   8.9539964e-01
   8.4500000e+02   8.9539988e-01
   8.4600000e+02   8.9540047e-01
   8.4700000e+02   8.9540130e-01
   8.4800000e+02   8.9540059e-01
   8.4900000e+02   8.9540153e-01
   8.5000000e+02   8.9540165e-01
   8.5100000e+02   8.9540141e-01
   8.5200000e+02   8.9539965e-01
   8.5300000e+02   8.9540012e-01
   8.5400000e+02   8.9539977e-01
   8.5500000e+02   8.9539848e-01
   8.5600000e+02   8.9539848e-01
   8.5700000e+02   8.9539988e-01
   8.5800000e+02   8.9539977e-01
   8.5900000e+02   8.9539942e-01
   8.6000000e+02   8.9539895e-01
   8.6100000e+02   8.9539826e-01
   8.6200000e+02   8.9539675e-01
   8.6300000e+02   8.9539733e-01
   8.6400000e+02   8.9539745e-01
   8.6500000e+02   8.9539780e-01
   8.6600000e+02   8.9539758e-01
   8.6700000e+02   8.9539723e-01
   8.6800000e+02   8.9539770e-01
   8.6900000e+02   8.9539850e-01
   8.7000000e+02   8.9539805e-01
   8.7100000e+02   8.9539793e-01
   8.7200000e+02   8.9539782e-01
   8.7300000e+02   8.9539759e-01
   8.7400000e+02   8.9539783e-01
   8.7500000e+02   8.9539863e-01
   8.7600000e+02   8.9539943e-01
   8.7700000e+02   8.9539772e-01
   8.7800000e+02   8.9539920e-01
   8.7900000e+02   8.9539909e-01
   8.8000000e+02   8.9539886e-01
   8.8100000e+02   8.9540011e-01
   8.8200000e+02   8.9539943e-01
   8.8300000e+02   8.9539932e-01
   8.8400000e+02   8.9539966e-01
   8.8500000e+02   8.9539898e-01
   8.8600000e+02   8.9539819e-01
   8.8700000e+02   8.9539865e-01
   8.8800000e+02   8.9539876e-01
   8.8900000e+02   8.9539888e-01
   8.9000000e+02   8.9539854e-01
   8.9100000e+02   8.9539865e-01
   8.9200000e+02   8.9539966e-01
   8.9300000e+02   8.9539944e-01
   8.9400000e+02   8.9539989e-01
   8.9500000e+02   8.9540011e-01
   8.9600000e+02   8.9539911e-01
   8.9700000e+02   8.9539855e-01
   8.9800000e+02   8.9539889e-01
   8.9900000e+02   8.9539911e-01
   9.0000000e+02   8.9540056e-01
   9.0100000e+02   8.9540111e-01
   9.0200000e+02   8.9540188e-01
   9.0300000e+02   8.9540078e-01
   9.0400000e+02   8.9540077e-01
   9.0500000e+02   8.9540044e-01
   9.0600000e+02   8.9540011e-01
   9.0700000e+02   8.9539956e-01
   9.0800000e+02   8.9539989e-01
   9.0900000e+02   8.9540011e-01
   9.1000000e+02   8.9540044e-01
   9.1100000e+02   8.9540099e-01
   9.1200000e+02   8.9540175e-01
   9.1300000e+02   8.9540142e-01
   9.1400000e+02   8.9540263e-01
   9.1500000e+02   8.9540273e-01
   9.1600000e+02   8.9540251e-01
   9.1700000e+02   8.9540273e-01
   9.1800000e+02   8.9540142e-01
   9.1900000e+02   8.9539989e-01
   9.2000000e+02   8.9540011e-01
   9.2100000e+02   8.9540011e-01
   9.2200000e+02   8.9540043e-01
   9.2300000e+02   8.9540260e-01
   9.2400000e+02   8.9540216e-01
   9.2500000e+02   8.9540292e-01
   9.2600000e+02   8.9540529e-01
   9.2700000e+02   8.9540755e-01
   9.2800000e+02   8.9540690e-01
   9.2900000e+02   8.9540581e-01
   9.3000000e+02   8.9540516e-01
   9.3100000e+02   8.9540516e-01
   9.3200000e+02   8.9540622e-01
   9.3300000e+02   8.9540632e-01
   9.3400000e+02   8.9540578e-01
   9.3500000e+02   8.9540503e-01
   9.3600000e+02   8.9540566e-01
   9.3700000e+02   8.9540480e-01
   9.3800000e+02   8.9540362e-01
   9.3900000e+02   8.9540469e-01
   9.4000000e+02   8.9540447e-01
   9.4100000e+02   8.9540191e-01
   9.4200000e+02   8.9540202e-01
   9.4300000e+02   8.9540286e-01
   9.4400000e+02   8.9540254e-01
   9.4500000e+02   8.9540275e-01
   9.4600000e+02   8.9540106e-01
   9.4700000e+02   8.9540127e-01
   9.4800000e+02   8.9540285e-01
   9.4900000e+02   8.9540253e-01
   9.5000000e+02   8.9540274e-01
   9.5100000e+02   8.9540063e-01
   9.5200000e+02   8.9540168e-01
   9.5300000e+02   8.9540021e-01
   9.5400000e+02   8.9540063e-01
   9.5500000e+02   8.9539990e-01
   9.5600000e+02   8.9539979e-01
   9.5700000e+02   8.9539896e-01
   9.5800000e+02   8.9539843e-01
   9.5900000e+02   8.9539896e-01
   9.6000000e+02   8.9539937e-01
   9.6100000e+02   8.9539896e-01
   9.6200000e+02   8.9540031e-01
   9.6300000e+02   8.9540073e-01
   9.6400000e+02   8.9540228e-01
   9.6500000e+02   8.9540155e-01
   9.6600000e+02   8.9540155e-01
   9.6700000e+02   8.9540155e-01
   9.6800000e+02   8.9540072e-01
   9.6900000e+02   8.9540093e-01
   9.7000000e+02   8.9540227e-01
   9.7100000e+02   8.9540237e-01
   9.7200000e+02   8.9540309e-01
   9.7300000e+02   8.9540421e-01
   9.7400000e+02   8.9540318e-01
   9.7500000e+02   8.9540215e-01
   9.7600000e+02   8.9540184e-01
   9.7700000e+02   8.9540020e-01
   9.7800000e+02   8.9540051e-01
   9.7900000e+02   8.9540276e-01
   9.8000000e+02   8.9540316e-01
   9.8100000e+02   8.9540194e-01
   9.8200000e+02   8.9540163e-01
   9.8300000e+02   8.9540254e-01
   9.8400000e+02   8.9540244e-01
   9.8500000e+02   8.9540183e-01
   9.8600000e+02   8.9540193e-01
   9.8700000e+02   8.9540182e-01
   9.8800000e+02   8.9540051e-01
   9.8900000e+02   8.9539960e-01
   9.9000000e+02   8.9539879e-01
   9.9100000e+02   8.9539939e-01
   9.9200000e+02   8.9539950e-01
   9.9300000e+02   8.9539980e-01
   9.9400000e+02   8.9540000e-01
   9.9500000e+02   8.9539920e-01
   9.9600000e+02   8.9540010e-01
   9.9700000e+02   8.9540100e-01
   9.9800000e+02   8.9540120e-01
   9.9900000e+02   8.9540090e-01
   1.0000000e+03   8.9540010e-01
